0.3865489661693573
0.3737875819206238
0.3735637664794922
0.3663945496082306
0.3615301847457886
0.3652491867542267
0.3570864796638489
0.36467039585113525
0.3558849096298218
0.36816176772117615
0.35610345005989075
0.3629748225212097
0.3547562062740326
0.35801276564598083
0.35490038990974426
0.3530961275100708
0.3526267111301422
0.353977233171463
0.3481292426586151
0.35359278321266174
0.3529087007045746
0.3521662652492523
0.3525429666042328
0.3494848906993866
0.3497615158557892
0.35174399614334106
0.3421025574207306
0.3486384153366089
0.348845511674881
0.34728121757507324
0.3585524260997772
0.3467085659503937
0.3397423028945923
0.3462386429309845
0.3424144983291626
0.343626469373703
0.3466563820838928
0.3467615842819214
0.3418019115924835
0.3428144156932831
0.34222638607025146
0.34368908405303955
0.3423612713813782
0.3408466577529907
0.3409547805786133
0.34185874462127686
0.34322094917297363
0.34230124950408936
0.33785462379455566
0.34021103382110596
0.34072884917259216
0.3398752510547638
0.33382731676101685
0.33541595935821533
0.3431802988052368
0.33805906772613525
0.3379751443862915
0.33517464995384216
0.34244880080223083
0.33045536279678345
0.33795326948165894
0.33591964840888977
0.3393803536891937
0.3361297845840454
0.3345860242843628
0.3350882828235626
0.33149653673171997
0.3309899568557739
0.33536896109580994
0.335721880197525
0.3295234739780426
0.336506724357605
0.33975502848625183
0.3369949758052826
0.33446383476257324
0.332802951335907
0.3335505723953247
0.33283713459968567
0.33408015966415405
0.3275589644908905
0.331664502620697
0.3318805992603302
0.3262695074081421
0.3309295177459717
0.33069273829460144
0.33172085881233215
0.3327091932296753
0.33450961112976074
0.33110055327415466
0.33105403184890747
0.32800498604774475
0.3299006223678589
0.32718005776405334
0.330782026052475
0.33048850297927856
0.3300710916519165
0.328093558549881
0.33151814341545105
0.3318111002445221
0.32280537486076355
0.32472169399261475
0.33206042647361755
0.32925283908843994
0.33177098631858826
0.32539358735084534
0.32640746235847473
0.32630932331085205
0.3231410086154938
0.32965797185897827
0.3219203054904938
0.32224613428115845
0.32575345039367676
0.32387080788612366
0.3192211389541626
0.31907546520233154
0.31738004088401794
0.3131639361381531
0.31738585233688354
0.31358081102371216
0.31642261147499084
0.3113449215888977
0.314460426568985
0.31492289900779724
0.3100016713142395
0.3162826597690582
0.3128698766231537
0.3166579008102417
0.3125573992729187
0.31610000133514404
0.3167659640312195
0.3105693757534027
0.31107866764068604
0.3085833787918091
0.3116377890110016
0.31421056389808655
0.3086903691291809
0.3187587857246399
0.31055113673210144
0.31142377853393555
0.31244510412216187
0.306112676858902
0.31013497710227966
0.3076004683971405
0.30712249875068665
0.3140529692173004
0.3054329454898834
0.3082652986049652
0.3080882728099823
0.31131890416145325
0.3075004518032074
0.31048086285591125
0.3105587661266327
0.31269749999046326
0.30500489473342896
0.30277183651924133
0.3075438141822815
0.30306753516197205
0.30402132868766785
0.3007776439189911
0.3045472502708435
0.3041142225265503
0.30284202098846436
0.3003121316432953
0.3024348020553589
0.30250319838523865
0.3041388988494873
0.2991001605987549
0.30283957719802856
0.3041471838951111
0.29906734824180603
0.30521801114082336
0.2997598946094513
0.297127902507782
0.3061314523220062
0.3007568418979645
0.2987772226333618
0.3006363809108734
0.30544114112854004
0.2980903685092926
0.3021065294742584
0.3013492822647095
0.3054797649383545
0.3014908730983734
0.30241164565086365
0.30102503299713135
0.3016079068183899
0.300992488861084
0.3028944134712219
0.295891672372818
0.30180302262306213
0.3022642135620117
0.2994266748428345
0.30002447962760925
0.30251389741897583
0.29685908555984497
0.30056044459342957
0.297929048538208
0.30095991492271423
0.29731547832489014
0.3006918132305145
0.29858672618865967
0.29278507828712463
0.29678720235824585
0.2980863153934479
0.29904428124427795
0.2996627688407898
0.29623812437057495
0.2962349057197571
0.29554423689842224
0.29900941252708435
0.29820704460144043
0.2971656918525696
0.29800769686698914
0.29879164695739746
0.29821479320526123
0.2924768924713135
0.29643183946609497
0.29852035641670227
0.2929990589618683
0.29751455783843994
0.29526329040527344
0.29477542638778687
0.29345616698265076
0.296444833278656
0.29475295543670654
0.294974148273468
0.2919052243232727
0.29883429408073425
0.2931637465953827
0.29949215054512024
0.2961132824420929
0.2934623658657074
0.29561251401901245
0.2940533757209778
0.2948020398616791
0.2939474880695343
0.2929236888885498
0.29614949226379395
0.29498669505119324
0.29037249088287354
0.29480135440826416
0.2932147681713104
0.28951743245124817
0.2965434193611145
0.295869916677475
0.2933003902435303
0.2952043116092682
0.2919424772262573
0.29547932744026184
0.2947847843170166
0.292741060256958
0.2935533821582794
0.29247674345970154
0.28743985295295715
0.30083614587783813
0.29085004329681396
0.29365211725234985
0.2930949330329895
0.29393619298934937
0.29451629519462585
0.29439112544059753
0.2928618788719177
0.29057371616363525
0.2947112023830414
0.2966178357601166
0.29177454113960266
0.29535335302352905
0.2917258143424988
0.28945237398147583
0.29538267850875854
0.2947459816932678
0.2950843870639801
0.2935851812362671
0.28919392824172974
0.29072582721710205
0.2958652377128601
0.2940668761730194
0.2918773591518402
0.2918637692928314
0.2928931713104248
0.2940012216567993
0.28919556736946106
0.2905624210834503
0.29101887345314026
0.2941616177558899
0.29322680830955505
0.29287201166152954
0.29064175486564636
0.29034093022346497
0.29204294085502625
0.29525506496429443
0.29333996772766113
0.2921984791755676
0.2910101115703583
0.29677194356918335
0.291983962059021
0.29211586713790894
0.29220372438430786
0.28997454047203064
0.29203492403030396
0.29322850704193115
0.28971901535987854
0.292592853307724
0.2893393039703369
0.2945927381515503
0.29334667325019836
0.2955372631549835
0.2912538945674896
0.2939150929450989
0.29388946294784546
0.2955251634120941
0.2910710275173187
0.2924419641494751
0.28655970096588135
0.2946074306964874
0.293326199054718
0.2880867123603821
0.2944652736186981
0.28833672404289246
0.2903934717178345
0.2904391586780548
0.2910062074661255
0.2904661297798157
0.29345595836639404
0.2918088436126709
0.29311588406562805
0.29069092869758606
0.29367324709892273
0.2903445065021515
0.28959834575653076
0.2930895984172821
0.29071247577667236
0.2905418872833252
0.29486769437789917
0.2867424786090851
0.29445257782936096
0.2897900938987732
0.28906381130218506
0.2928191125392914
0.29283103346824646
0.2897365093231201
0.29228895902633667
0.2941131591796875
0.28688207268714905
0.28751641511917114
0.29425129294395447
0.2915414869785309
0.29363545775413513
0.2924906611442566
0.2912609577178955
0.2895137071609497
0.29032355546951294
0.29221418499946594
0.29081064462661743
0.2912568151950836
0.2938883304595947
0.29073160886764526
0.295128732919693
0.2882331907749176
0.29234057664871216
0.29444923996925354
0.2930273413658142
0.29036402702331543
0.28703030943870544
0.2951030433177948
0.2881632149219513
0.29345113039016724
0.29115524888038635
0.29144051671028137
0.2892782688140869
0.29204726219177246
0.2864993214607239
0.2931511402130127
0.29020416736602783
0.2911631464958191
0.29058152437210083
0.2906075417995453
0.28912824392318726
0.2930977940559387
0.29229849576950073
0.293000727891922
0.29320332407951355
0.29456764459609985
0.290635883808136
0.2901802957057953
0.2908351421356201
0.28771552443504333
0.29356470704078674
0.29056409001350403
0.28361189365386963
0.29481661319732666
0.2915300130844116
0.29027193784713745
0.2885863184928894
0.2918759882450104
0.2906825542449951
0.29458287358283997
0.2934078872203827
0.28778502345085144
0.2907153069972992
